(1100, 52)
[0.00255683 0.18056044 0.23479092 0.25330804]
[9.09090909e-04 2.70511572e-01 4.88608565e-01 9.99090909e-01]
[ 1.51458997  4.02166822 27.56812989]
(1000, 52)
[0.00192774 0.18508926 0.23877591 0.25746941]
[0.001      0.27851862 0.49085066 0.999     ]
[ 1.51515783  3.95502552 27.18319988]
(900, 52)
[0.00103654 0.18850282 0.24293405 0.26219803]
[0.00111111 0.28286846 0.49256334 0.99888889]
[ 1.50297616  3.85247373 26.28353371]
(800, 52)
[0.00026824 0.19290045 0.2477887  0.26791157]
[0.00125    0.28914107 0.49519841 0.99875   ]
[ 1.49451153  3.75412515 25.02384681]
(700, 52)
[-0.00146366  0.19951105  0.25357187  0.2747728 ]
[0.00142857 0.3006062  0.49803814 0.99857143]
[ 1.48863323  3.65203346 23.60902472]
(600, 52)
[-0.0016355   0.20569975  0.26026234  0.28315533]
[0.00166667 0.30919993 0.49926679 0.99833333]
[ 1.48326569  3.48346477 21.79996573]
(500, 52)
[-0.00393068  0.20976349  0.26898707  0.2945391 ]
[0.002      0.31297206 0.50199987 0.998     ]
[ 1.45522019  3.19176611 19.41137711]
(400, 52)
[-0.00659553  0.20674537  0.28053268  0.31050863]
[0.0025     0.30143733 0.49698999 0.9975    ]
[ 1.40121901  2.65022065 16.69705465]
(300, 52)
[-0.01046505  0.21744873  0.29745261  0.33547892]
[0.00333333 0.31071685 0.4982047  0.99666667]
[ 1.34868335  2.34348437 13.10834459]
(200, 52)
[-0.0156101   0.23184851  0.32430325  0.37895032]
[0.005      0.32       0.49443611 0.995     ]
[1.27294012 1.88671895 9.1599407 ]
(200, 52)
[-0.01402511  0.23026569  0.32421895  0.37938402]
[0.005      0.31737883 0.4955958  0.995     ]
[1.27871714 1.89686822 9.05290656]
(200, 52)
[-0.01559877  0.22963757  0.32517695  0.37912683]
[0.005      0.31669605 0.49658535 0.995     ]
[1.27100271 1.88288113 9.23847639]
(200, 52)
[-0.01393184  0.22449194  0.32379059  0.37834148]
[0.005      0.31039996 0.49067474 0.995     ]
[1.28091235 1.81548066 9.24504212]
(200, 52)
[-0.01491513  0.23188862  0.32375177  0.37998326]
[0.005      0.32047541 0.49614822 0.995     ]
[1.27824394 1.91233169 8.87139621]
